aha   0.0686797204132   0.0127741016152   0.5   0.5
aha aha   0.0605274251702   0.0   0.5   0.5
aha lmao   0.0464824679105   0.0   0.5   0.5
aha lol   0.0569528357469   0.0   0.99103   0.00896969
aha lol aha   0.0425075647661   0.0   0.99103   0.00896969
aha nice   0.0425075647661   0.0   0.998848   0.00115173
bastard   0.0   0.0454909232535   5.12533e-10   1
cruel   0.0   0.0413088568317   0.0292568   0.970743
disgusting   0.0   0.0435819380427   1.69705e-07   1
emoticoncrying   0.0   0.0475132209119   0.5   0.5
emoticonfrown   0.0   0.053532652194   0.5   0.5
emoticonlaughing   0.0524761188294   0.0   0.5   0.5
emoticonsmiley aha   0.0464824679105   0.0   0.5   0.5
emoticonsmiley lol   0.0464824679105   0.0   0.99103   0.00896969
emoticonsmiley yes   0.0425075647661   0.0   0.375703   0.624297
evil   0.0   0.04477759653   0.294442   0.705558
funny lol   0.0425075647661   0.0   0.962574   0.0374256
heart   0.0   0.0423577153728   0.985097   0.0149029
heartbreaking   0.0   0.0441340628146   0.999997   3.35803e-06
hope   0.0   0.0414928416588   0.237972   0.762028
horrible   0.0   0.0418493501066   1.41411e-07   1
joke lol   0.0464824679105   0.0   0.200838   0.799162
knock knock   0.0497302002565   0.0   0.0024245   0.997575
lmao   0.0751517249034   0.0   0.5   0.5
lmao aha   0.0464824679105   0.0   0.5   0.5
lmao lol   0.0464824679105   0.0   0.99103   0.00896969
lmfaohaha   0.0373830233323   0.0   0.5   0.5
lol   0.0725903237533   0.00608692786378   0.99103   0.00896969
lol aha   0.0672019186145   0.0   0.99103   0.00896969
lol aha lol   0.0373830233323   0.0   0.993255   0.00674529
lol emoticonkiss   0.0373830233323   0.0   0.99103   0.00896969
lol emoticonlaughing   0.0373830233323   0.0   0.99103   0.00896969
lol lmao   0.0464824679105   0.0   0.99103   0.00896969
lol lol   0.0702631234874   0.0   0.993255   0.00674529
lol lol aha   0.0373830233323   0.0   0.993255   0.00674529
lol lol lol   0.0373830233323   0.0   0.993915   0.00608486
lol true   0.0425075647661   0.0   0.988542   0.011458
lolz   0.0497302002565   0.0   0.5   0.5
lool   0.0464824679105   0.0   0.5   0.5
penny   0.0373830233323   0.0   0.896307   0.103693
really funny   0.0373830233323   0.0   0.83291   0.16709
saving   0.0373830233323   0.0   0.180845   0.819155
sick   0.0   0.051645916579   0.00660241   0.993398
stupid   0.0   0.0396743860201   2.60645e-05   0.999974
superb   0.0373830233323   0.0   0.999986   1.35755e-05
true aha   0.0373830233323   0.0   0.970427   0.0295727
yes want   0.0425075647661   0.0   0.334579   0.665421
yes yes   0.0898329359021   0.0   0.36733   0.63267
yes yes want   0.0425075647661   0.0   0.34244   0.65756
yes yes yes   0.0856220927399   0.0   0.36429   0.63571
