aha   0.0686797204132   0.0127741016152   0.5   0.5
aha aha   0.0605274251702   0.0   0.5   0.5
aha lmao   0.0464824679105   0.0   0.5   0.5
aha lol   0.0569528357469   0.0   0.99103   0.00896969
aha lol aha   0.0425075647661   0.0   0.99103   0.00896969
aha nice   0.0425075647661   0.0   0.998848   0.00115173
bastard   0.0   0.0454909232535   5.12533e-10   1
bitch   0.0   0.0357431031508   9.97067e-07   0.999999
break   0.0   0.0346007467968   0.125791   0.874209
break heart   0.0   0.033744536339   0.778643   0.221357
brilliant   0.0373830233323   0.0   0.98534   0.0146605
crazy love   0.0373830233323   0.0   0.999005   0.000994728
cruel   0.0   0.0413088568317   0.0292568   0.970743
cruelty   0.0   0.0349987238897   0.000727098   0.999273
disgusting   0.0   0.0435819380427   1.69705e-07   1
emoticonbrokenheart beautiful   0.0373830233323   0.0   0.999865   0.000134666
emoticoncrying   0.0   0.0475132209119   0.5   0.5
emoticoncrying emoticoncrying   0.0   0.0317222386805   0.5   0.5
emoticonfrown   0.0   0.053532652194   0.5   0.5
emoticonfrown emoticonbrokenheart   0.0   0.0304980160106   0.5   0.5
emoticonfrown emoticoncrying   0.0   0.0311320070984   0.5   0.5
emoticonfrown emoticonfrown   0.0   0.0346007467968   0.5   0.5
emoticonfrown emoticonkiss   0.0   0.0304980160106   0.5   0.5
emoticonkiss emoticonkiss   0.0   0.0370618567795   0.5   0.5
emoticonkiss emoticonkiss emoticonkiss   0.0   0.0317222386805   0.5   0.5
emoticonlaughing   0.0524761188294   0.0   0.5   0.5
emoticonsmiley aha   0.0464824679105   0.0   0.5   0.5
emoticonsmiley lol   0.0464824679105   0.0   0.99103   0.00896969
emoticonsmiley yes   0.0425075647661   0.0   0.375703   0.624297
evil   0.0   0.04477759653   0.294442   0.705558
funny aha   0.0373830233323   0.0   0.728604   0.271396
funny lol   0.0425075647661   0.0   0.962574   0.0374256
hahaha   0.0373830233323   0.0   1   2.14462e-12
hate   0.0   0.0332819931681   0.0002684   0.999732
heart   0.0   0.0423577153728   0.985097   0.0149029
heartbreaking   0.0   0.0441340628146   0.999997   3.35803e-06
heartless   0.0   0.0311320070984   0.0391276   0.960872
hell   0.0   0.0364278656917   0.000139083   0.999861
hilarious   0.0373830233323   0.0   0.997942   0.00205771
hope   0.0   0.0414928416588   0.237972   0.762028
horrible   0.0   0.0418493501066   1.41411e-07   1
horrific   0.0   0.0317222386805   0.0233521   0.976648
idiot   0.0   0.0349987238897   0.000184582   0.999815
joke lol   0.0464824679105   0.0   0.200838   0.799162
karma   0.0   0.0353790071506   0.00284585   0.997154
knock knock   0.0497302002565   0.0   0.0024245   0.997575
knock knock knock   0.0373830233323   0.0   0.00211013   0.99789
knock knock penny   0.0373830233323   0.0   0.0360573   0.963943
knock penny   0.0373830233323   0.0   0.139876   0.860124
lmao   0.0751517249034   0.0   0.5   0.5
lmao aha   0.0464824679105   0.0   0.5   0.5
lmao lol   0.0464824679105   0.0   0.99103   0.00896969
lmao lol lol   0.0373830233323   0.0   0.993255   0.00674529
lmfao   0.0373830233323   0.0   0.5   0.5
lmfaohaha   0.0373830233323   0.0   0.5   0.5
lol   0.0725903237533   0.00608692786378   0.99103   0.00896969
lol aha   0.0672019186145   0.0   0.99103   0.00896969
lol aha lol   0.0373830233323   0.0   0.993255   0.00674529
lol emoticonkiss   0.0373830233323   0.0   0.99103   0.00896969
lol emoticonlaughing   0.0373830233323   0.0   0.99103   0.00896969
lol lmao   0.0464824679105   0.0   0.99103   0.00896969
lol lol   0.0702631234874   0.0   0.993255   0.00674529
lol lol aha   0.0373830233323   0.0   0.993255   0.00674529
lol lol lol   0.0373830233323   0.0   0.993915   0.00608486
lol true   0.0425075647661   0.0   0.988542   0.011458
lolz   0.0497302002565   0.0   0.5   0.5
lool   0.0464824679105   0.0   0.5   0.5
monster   0.0   0.0322743634524   0.2148   0.7852
no word   0.0   0.0304980160106   0.0189915   0.981009
penny   0.0373830233323   0.0   0.896307   0.103693
poor baby   0.0   0.0311320070984   0.000401419   0.999599
really funny   0.0373830233323   0.0   0.83291   0.16709
sad emoticonfrown   0.0   0.0353790071506   0.00230275   0.997697
sad sad   0.0   0.0327930049537   0.00149178   0.998508
saving   0.0373830233323   0.0   0.180845   0.819155
scum   0.0   0.0353790071506   5.86541e-05   0.999941
shame   0.0   0.0332819931681   0.000360252   0.99964
sick   0.0   0.051645916579   0.00660241   0.993398
sick bastard   0.0   0.0304980160106   3.11818e-07   1
sick people   0.0   0.0304980160106   0.0298832   0.970117
sick sick   0.0   0.0317222386805   0.00463402   0.995366
soi   0.0   0.0311320070984   0.5   0.5
stupid   0.0   0.0396743860201   2.60645e-05   0.999974
suck   0.0   0.0327930049537   0.00631454   0.993685
superb   0.0373830233323   0.0   0.999986   1.35755e-05
terrible   0.0   0.0357431031508   1.27459e-06   0.999999
true aha   0.0373830233323   0.0   0.970427   0.0295727
true love   0.0301603878418   0.0   0.999669   0.000330521
woo   0.0301603878418   0.0   0.999893   0.00010685
wrong   0.0   0.0370618567795   0.0123597   0.98764
wtf   0.0   0.0317222386805   1   2.14462e-12
yes   0.0685260913046   0.0169932385022   0.375703   0.624297
yes emoticonbrokenheart   0.0301603878418   0.0   0.375703   0.624297
yes emoticonsmiley   0.0301603878418   0.0   0.375703   0.624297
yes emoticonsmiley yes   0.0301603878418   0.0   0.36733   0.63267
yes want   0.0425075647661   0.0   0.334579   0.665421
yes yes   0.0898329359021   0.0   0.36733   0.63267
yes yes emoticonbrokenheart   0.0301603878418   0.0   0.36733   0.63267
yes yes want   0.0425075647661   0.0   0.34244   0.65756
yes yes yes   0.0856220927399   0.0   0.36429   0.63571
